3.648450220976178771e-01 7.272335281171633525e-01 6.275357215446245585e-01 6.387001703122254792e-01 2.639950296527019194e-02 5.023449442911249729e-01 9.451050175082569282e-01 5.436699195117945527e-01 8.500072796009716658e-01 4.727147702528553541e-01 7.788998963319674340e-01 2.560086937741326008e-01 7.456037557902637225e-01
3.135898381956783720e-02 6.693403368184603908e-01 8.956282538865472098e-01 8.975590771472670149e-01 7.628048963226791157e-01 4.027491761106474222e-01 7.039418006761282154e-01 2.022690556370788928e-01 4.220557413289440229e-01 4.351397203843201944e-01 8.337389010899735053e-01 6.292114662899188637e-01 4.780677338341226545e-01
4.703410900629248492e-01 3.065008181822569400e-01 7.169446511591406335e-01 9.287540911970880442e-02 9.826900647780441034e-01 7.449154676818594556e-01 4.642427267993917139e-01 9.998206441875872041e-01 1.481435072502275963e-01 3.030213204747368994e-01 6.684448429643128353e-01 2.625116208088039693e-01 7.083994070750826433e-01
7.580771995694479681e-01 7.706163235829041058e-01 8.079465050817030702e-01 7.020088985457992869e-01 8.982464820729797461e-01 3.981822026836487893e-01 1.475975348453510694e-01 9.389230491713460580e-01 8.223181410977258299e-01 8.638256795888814565e-01 8.167546178675886281e-01 9.814194447524068887e-02 4.197918655744480726e-02
4.434028018265639415e-01 8.760843340019852654e-01 1.119773717974325844e-01 7.199595270725203111e-01 8.367530370849698418e-01 6.810174445724028747e-01 2.159863858502578116e-01 3.035901628267029251e-01 3.651074343534296274e-01 6.668310026016865955e-01 3.606947906407497739e-01 5.293451357833145465e-01 6.422323737313854197e-01
6.002950054812287162e-01 3.112734893113448531e-01 3.236646647190021264e-01 5.171306155379844505e-01 1.325883997600098563e-01 5.747753185653206032e-01 1.433997919516744740e-02 1.978030112040869704e-01 9.020968510387245010e-01 8.461159014536893119e-01 4.949131646658539996e-01 3.222006475358788480e-01 4.921149866021977681e-01
6.891935644553037754e-01 2.043841801931899349e-01 1.581260537831808144e-01 1.754764964305072783e-01 9.848144229801895078e-01 3.556682649327274071e-01 8.449430462497066197e-01 2.690663080996003598e-01 1.706334942840372071e-01 2.178195928661781633e-01 9.105824997644830221e-01 7.024035037149157779e-01 8.257550744907936613e-01
6.729597484672623642e-01 5.813577180425953950e-01 2.691119739836838609e-01 8.637528196117177925e-01 9.378962828843739885e-01 5.515955208197244053e-01 1.919471882659047890e-01 9.876136614790360646e-01 2.279002713419868431e-01 2.617881737882034043e-01 3.887628356252661455e-01 4.211982987975008141e-01 9.610538512862227822e-01
1.354552635584231335e-01 2.958670837150279009e-01 4.676301680018117857e-01 3.200984157637047911e-01 2.187292781586247237e-01 4.114795839861544180e-01 8.836171820951498335e-01 2.349495938482124291e-01 7.527781897453553750e-01 4.480736820474547355e-01 4.040874174792265933e-02 2.997593800427835742e-01 3.188939017069715443e-02
7.991354453175616435e-01 1.537489591755940854e-01 1.738006093925505979e-01 5.615729812585380509e-01 9.444091454040786093e-01 3.092563191907642950e-01 6.767756587446216443e-01 5.299444681309494615e-02 1.229890981744704292e-01 6.534039416738340877e-01 6.917833129991284302e-01 1.364301378372480000e-01 6.885279425253149066e-01
3.694678882624254784e-02 1.407090378728259594e-01 2.311135236184258535e-01 1.409997727585173832e-01 7.803254471413159088e-01 9.679462505266370753e-01 2.835062626905460181e-02 9.019982640891998082e-01 4.523325969019449944e-01 7.186607469363213152e-01 2.746026822732655082e-01 7.382466392397244448e-01 5.852996173397227997e-01
7.261547395994477627e-01 8.240708773913966168e-01 9.967443802003440601e-01 6.035193103356674138e-01 4.688927969488140834e-01 9.960611918783333074e-01 4.041435436336814346e-01 7.789318947080845490e-01 1.091538755310445391e-01 5.868284288547821748e-02 9.532724569638223455e-01 9.336998484110967667e-01 9.367491429658075797e-01
8.889190377558222611e-01 5.910126156585764345e-01 7.348494682203033923e-01 5.782879645547644998e-01 9.243398066036427885e-01 7.722423855359099587e-01 5.100196543289162721e-01 9.306965126229793661e-02 1.960739674551895684e-01 7.591192056544213695e-01 7.450598187503736369e-01 1.599663749517454825e-01 1.718353399564474457e-02
8.146278652791683061e-01 3.661101620609457097e-01 8.022466466671022145e-01 7.428539373440408156e-01 4.601635667796558082e-02 9.328813943377294304e-01 1.166407471230867382e-02 9.518086254055281303e-01 2.761635635239926834e-01 4.450783599617552100e-01 6.480557090673234599e-01 6.055710930324587071e-01 9.213063365891350776e-01
