2.822758587985455536e-01 6.488500862468680186e-01 5.282476922667179720e-01 6.588938766071277264e-01 4.437484056300782798e-01
8.176734064747496200e-01 7.180175231349562592e-01 2.564062036959573188e-02 7.074953427599953160e-02 9.702808653264377581e-02
4.443911856656628800e-01 8.932227195124937680e-01 5.723270172117375099e-01 3.339288675497950054e-01 5.709202352703687255e-01
1.659889917453660768e-01 5.466049861523182285e-01 3.827326418598605007e-01 3.189194722524200665e-01 9.676853694035725262e-01
3.229691633991343958e-01 9.584217780871272518e-01 4.177710452564710741e-01 2.563851695288862920e-01 2.600963007392415594e-01
2.673101574001491079e-02 5.334806352869077006e-01 6.175580377580782709e-01 8.135982680502912290e-01 1.414047600189265175e-01
6.622830431029865794e-01 6.332776924784155881e-01 3.388956450639286633e-01 1.127485896141939004e-01 7.295915358426863229e-01
1.964034975198196142e-01 3.527078635054511357e-01 8.300543679265467434e-01 6.154061243049929741e-01 8.500006059448720341e-01
2.338498015889902693e-01 7.473513919680770945e-01 4.479184244401462345e-01 2.470288173356301742e-01 4.967497004661917681e-01
6.270272990922569623e-01 4.503769335702297316e-01 3.530001978659332851e-01 4.763345804738216005e-01 6.728509715816898273e-01
