4.787208664758934029e-01 5.619777359161183261e-01 3.811407069928245406e-01 2.274616518722274439e-01 7.081315974495441257e-01 9.705449322967911741e-01 3.123798067991684357e-01 4.967562411962430646e-01 9.459118931088905669e-01 8.663326534447854943e-01 3.792510803071776904e-01 9.243802757768123657e-01 8.861682875067390386e-01 3.533835067578640077e-01 9.055912044713131381e-01 6.991890816738843828e-01
8.568732763703047484e-01 9.365527471278911609e-01 1.162101906445257571e-01 9.166997862555924526e-01 2.376448281258166650e-01 9.942396655696439378e-02 1.528064342488121286e-01 6.683713298257060176e-01 8.761118762194793907e-01 3.804374999067541285e-01 7.577354827822115890e-01 2.361327042042395963e-01 7.877947176030781762e-01 9.563897004290072834e-01 4.393241860862731052e-01 8.055805764135272051e-01
4.970625940140070975e-01 7.757455892634151917e-01 5.041509066665621486e-01 8.639069594212827052e-01 7.636670855469558372e-01 4.136974474915965372e-01 4.300707497770206444e-02 9.256657166084503174e-01 1.547033497598622187e-01 7.197592996729585968e-01 5.496693446181609710e-01 9.513782847361025308e-01 5.902971368076768144e-01 7.152433491050445014e-01 8.478888975600810118e-01 2.101487124774252813e-01
7.767371667619444864e-01 5.554736500732315729e-02 6.239077424630666835e-01 2.686591336425446785e-01 2.347655574465196127e-01 6.402550100866443161e-01 9.712164756300395441e-01 6.771577257113934323e-01 2.410352951951295619e-01 7.315497729474185196e-02 2.404160176852372377e-01 6.295028686059711553e-01 3.700388641366759712e-01 9.230849315763263174e-01 4.027747970727560967e-01 1.362497207884668660e-01
4.279532371462502205e-01 8.661633997360790316e-01 4.042187116044677619e-01 9.471886160672124966e-01 3.363216398949142594e-01 1.257219847178338012e-01 4.768706826061845927e-01 8.226301699716821458e-01 3.118753377768295199e-01 4.586533560189853809e-02 2.030618894046715139e-01 7.938190376328325693e-01 5.432785581334991232e-01 2.543378217195927382e-01 3.118256423116678722e-01 6.804269319326605725e-02
2.429625872615097659e-01 9.940473341941628016e-01 3.148909883502373219e-01 6.163986406348104241e-01 8.486213173069009352e-01 1.804891978519951312e-02 2.207498318413182448e-01 9.177170363355537930e-01 6.962595681640236789e-01 7.299914585666551492e-01 6.220002283968605328e-01 3.646645086175861472e-01 5.210638427502323200e-02 3.279661240436215763e-02 2.344743286343153876e-03 9.984137391562040165e-01
4.818587875839591694e-01 2.826156439291023226e-01 7.188481762635227090e-01 8.473526605336145767e-01 6.733971342642004476e-01 2.938930966872745909e-01 5.086429936059986279e-01 2.009840850159321235e-01 9.535122240079235700e-01 9.036577799020195645e-01 3.879385196793738722e-02 9.259068881444844079e-01 7.276569691151615338e-01 1.930031691347486866e-01 7.540650341016355007e-01 9.817666263968251039e-01
8.636524271767801464e-01 5.359854145485388743e-01 4.316450540530447633e-01 4.202426706379104315e-01 7.754900536630580099e-01 5.498360205062569062e-02 2.119504188163370273e-01 2.663977268107924345e-01 7.157372039219835891e-01 8.546234391908554828e-01 5.228102897261119875e-01 6.658842564894897897e-01 1.212722707890500073e-01 6.483989655957613785e-01 7.276992758714961873e-01 5.556151016623098737e-01
5.766435395246706230e-01 3.544303473774699231e-01 2.917231404166479303e-01 5.842125294637883215e-01 2.394836298913481931e-01 7.295485889273861657e-01 3.425277879362411682e-01 8.775400869916532010e-01 3.951036470515912891e-01 9.669268337295815474e-01 2.846096089811855911e-02 2.263674003452861294e-01 3.807373645800182782e-02 7.913224143329835591e-01 6.701860931444481029e-01 2.868741902419538192e-01
1.970792260791384143e-01 1.421394364854225989e-01 6.123148240422305877e-01 3.364319829340506329e-01 1.316843965388259097e-02 5.359221978900189365e-01 6.877014329773138979e-01 4.690033234257872108e-01 5.151043046651271329e-01 8.914823735589372244e-01 4.984106309149360925e-04 7.293278563909770806e-01 5.042964134010159416e-01 7.470556667081383884e-01 6.911796637001843546e-02 6.522858801006545804e-01
2.409922339431441740e-01 5.899492977899897239e-01 2.977160573482300343e-01 6.413627873164445825e-01 9.660097949184881516e-01 7.852048132687252657e-01 5.921458357102749037e-02 1.369478404416167860e-01 8.908493515052251510e-02 7.598841734370874734e-01 9.344046298085406654e-01 4.115441734728388923e-01 5.896898678064104171e-01 8.977647671697969178e-01 1.538676988569454007e-02 2.628948379090889631e-04
8.345662679555949648e-01 8.439810568710984784e-01 5.893984420582022432e-01 9.313261212192922578e-01 6.074553611996567071e-01 2.869626600952273066e-01 7.204476411846638673e-02 3.538225297677423109e-01 4.841019859394575242e-01 4.855384936379943950e-01 3.594573161627300228e-01 2.812495073902689935e-01 5.868050309845713741e-01 9.908426178427064412e-01 2.277764464185074722e-01 9.866081942389914872e-01
1.302506869122710409e-02 7.535620771559090603e-01 7.079835291055924795e-01 7.027365062026613707e-03 1.276810876313038134e-01 5.140245419224809265e-02 1.968945979468119667e-01 2.657259039496111530e-01 2.038894930073241740e-01 8.105179743713586404e-02 7.884826282179568935e-03 9.255172229891680535e-01 8.582951572724479838e-01 8.205483439777987442e-01 7.661841510603429883e-01 1.599869824728311629e-01
3.465909354801641751e-01 7.585974027658267671e-01 4.486275282412028886e-01 7.783157566886322876e-02 3.471859243198760492e-01 5.894723221917894662e-01 3.951634154461298731e-01 4.610967116015343148e-01 2.375453703250353099e-01 6.891065301971411872e-01 8.908659128525996396e-01 6.611254340697022558e-01 2.220178142700319768e-01 7.794289556935034557e-01 7.733660148262921918e-01 6.144253134793795645e-01
7.458558739074083732e-04 4.617556182804307685e-01 3.166214422545031715e-01 6.870325849233941407e-01 4.277174141274353580e-01 7.315780868955874539e-01 2.544266532372707612e-02 6.992382871658686661e-01 3.611161478749638221e-01 1.804443103820416727e-01 5.399778037094427052e-01 9.989027336852003280e-01 5.077330261368403486e-01 1.565336804551984429e-01 1.311046678039806679e-01 6.658446784218295944e-01
