6.982126106584581882e-01 7.660154675264537749e-01 7.749689860747339676e-01 7.556648474691439743e-01 8.721884104144858041e-01 4.931956452352846965e-01 5.136191623608277190e-01 9.156833486268498579e-01 8.784415632204424229e-01 4.226099120593554970e-01 2.110286246572594671e-01 4.612367502779651796e-01 2.021698468728535814e-01 1.437489114241991169e-02 2.017343736745010330e-01 4.094439038428941968e-01 6.114475674323969212e-01 5.663176311022857234e-01 3.745715243640878045e-01
8.904816714345989981e-01 2.095557431205709586e-01 1.649095021347010415e-01 7.842561198809809841e-01 2.377933066700976539e-01 9.012836708420004506e-01 5.643926336160679513e-01 4.434612046914107597e-01 5.280341243490209724e-01 4.075233961889361822e-01 3.731900841091422838e-01 3.202176528936540034e-01 8.518192935216510955e-03 4.631977604545071681e-01 6.159564018442290623e-01 1.449914715245155528e-01 3.817441793506903269e-01 7.644086724818182077e-01 5.515870546089671755e-01
9.001622892515920293e-02 2.290825718777300124e-01 8.955717294807149509e-01 8.029701316707974490e-01 7.820847633586544556e-02 2.248743985888923547e-01 2.557896637584408661e-01 3.728968942891289218e-01 7.372314022866721661e-01 5.699693780903787310e-01 8.911968252941893098e-01 2.550910004009508958e-01 2.116387031447119205e-01 9.339187341127778152e-01 7.031713318015220260e-01 9.724523454043028092e-01 9.292293548603814957e-01 4.984428061048781777e-01 2.359342436066078907e-01
6.251320474809367589e-01 4.938658894665243215e-01 1.821296770000780108e-01 4.999685970889605757e-01 9.582929521194381017e-01 2.184351405295993365e-01 1.537087153814716001e-02 4.063955616750941080e-01 5.938437415731463442e-01 3.944937466948102989e-01 5.806145305358850761e-01 3.253996062608552897e-01 9.508551242595625341e-01 8.767407512941658432e-01 3.967963040034028777e-01 8.895762998457630299e-01 8.744188822758541813e-01 1.000010775327598023e-01 4.338424073726513397e-01
3.564285459460240224e-01 8.654374712168344530e-01 4.557177540948780803e-01 5.309834104727246401e-02 2.827992225779704660e-01 4.053080746966637449e-01 8.614453949322232740e-01 6.372388653891055688e-01 1.752315829728073870e-02 2.871594563050497984e-01 5.643792965634154557e-01 3.139750483315383311e-01 1.618741596148917383e-01 7.490016450757139843e-01 9.414396132972502329e-01 9.633704444139470913e-02 9.239408032817393313e-01 4.171792392631328839e-01 4.369056552009145111e-01
6.140908652829963309e-03 5.937029245786616949e-01 3.902607282358437346e-01 9.698594781454824565e-01 3.029912145922743494e-01 6.827335698281719045e-01 8.970267206109239222e-01 2.123791690051219597e-03 7.622040851976790155e-01 6.066916343025560154e-01 7.372419258978013534e-01 7.050274141836682107e-01 7.361690626105045487e-02 8.064880742647915213e-01 3.723803881967428508e-01 3.257466725262374574e-01 3.078169266973231344e-01 9.347156614713258982e-01 4.528178825402737750e-01
8.720244525692880666e-01 2.454086316869155682e-01 6.851683413674414247e-01 4.962464738058227631e-01 1.037028510307998752e-01 9.428971239252555980e-01 6.895100081653645629e-01 2.780452465547511021e-01 4.843753954866269473e-01 8.457094185433907674e-01 1.734557359033334079e-01 6.937195341810283855e-01 4.693660039010447704e-01 3.367152504738016305e-01 3.801390458734225652e-01 9.297610804793668970e-01 9.303129316033090790e-01 8.178850167733411336e-01 5.850715977136649038e-01
1.597652206499981520e-01 8.623533807264488482e-01 7.332416488268215238e-01 2.213411637311569202e-01 3.857458603697804800e-01 4.733512819517330383e-01 8.045845149888539716e-01 8.318370241277139865e-01 6.126667206343343608e-01 7.087138681722976452e-01 4.872952377307048638e-02 7.971631227920269458e-01 3.169953108841529199e-02 8.459091759989850745e-02 3.603896297655183045e-01 7.418424662513425916e-02 6.617883353222786535e-01 9.510182091067431731e-01 4.087259540005677705e-01
2.705547961563176812e-02 6.260136748278993801e-01 5.765801641303149733e-02 3.122105826435590120e-02 2.004588613918631690e-01 9.523435994660861548e-01 6.077693286906225012e-01 1.479908557993805940e-01 2.200894135126984508e-01 1.188488337036116838e-01 6.052547605309438472e-01 3.946683757601203713e-01 7.932930115306179308e-01 2.345618668548727498e-02 6.419288680693440163e-01 4.819278550856014309e-01 8.734923895887568568e-01 7.137931420235134050e-01 9.773183203122118856e-01
3.205550721546048809e-01 3.383156277720019700e-01 9.094846441879053112e-01 2.603039529482135128e-01 2.941825864071461738e-01 3.662227907928825577e-01 7.782431240379539261e-01 9.174136361878992840e-01 6.522505508280174169e-01 2.982655887209636481e-01 9.175884081549599003e-01 2.289749034028362995e-01 7.327047347631915342e-01 2.013767351330048722e-02 6.813011835226917556e-01 5.734113399475104789e-04 9.883301316613989362e-01 8.468260538072759358e-01 8.483878832022595518e-01
1.272181366624056120e-01 7.515979016184729522e-01 5.490599311497639246e-01 9.226037632950717660e-01 6.911039207382427829e-01 1.078527568983476126e-01 7.647066656222036851e-01 5.437489432484514662e-01 9.247165957906124945e-01 4.806491495680699499e-02 1.253082336015791665e-01 4.661054749905527705e-01 1.030174692301423361e-01 8.893735349665561341e-01 5.349402991797566065e-01 5.912348833286015237e-01 7.216262711053409440e-01 9.431732256008833470e-01 5.874565159898684774e-01
2.689338817699553630e-01 5.090050036402160583e-01 1.412355835396720549e-01 9.147797734921441215e-01 4.322361911993254924e-01 2.952881043788841975e-01 5.005031375993348464e-01 1.471829680800776363e-01 2.306019905168777417e-01 1.622970654356600262e-01 7.301618393386735129e-01 5.003534737180533876e-01 8.833118665824335469e-01 1.093045100221659571e-01 1.773228891193847079e-01 2.713540380214441994e-01 2.014302158332720860e-01 4.114569880279573266e-01 8.717734788700287618e-02
5.220055503899148075e-01 3.872184072462570015e-01 9.567984921076932991e-01 8.518380794222684890e-03 7.983801583579828165e-01 9.109278615896498899e-01 1.995535834540740072e-01 9.784543613533220885e-01 2.800160454946108435e-01 5.075220930635799821e-01 3.299502800448205625e-02 1.006964049330486138e-01 1.054488678873071322e-01 4.688396561037191934e-01 3.419318688049795274e-02 9.195560315193207490e-01 2.304858123598078623e-01 3.498997743303857155e-01 7.465185323772055570e-02
6.125445344064005537e-01 3.488085677348343738e-01 1.265729914190929367e-02 7.839825245304183898e-01 1.080312225611183841e-01 9.334470571868103139e-02 2.595859392149960088e-01 9.888214414847914524e-01 4.038318668175428505e-01 7.916341022480047340e-02 1.732362530624401709e-01 3.393291738184158746e-01 3.430335571474484313e-01 3.600867421315701589e-01 2.072413058782335837e-01 1.596879895050234144e-01 4.634764530505610103e-01 9.267672497644866003e-02 8.230091610792810153e-01
7.538261552604661464e-01 4.894441286373593103e-01 8.413385506366266586e-01 9.852127780084093400e-01 2.379902052372892818e-01 3.676522050365345073e-01 3.704027338832279193e-01 3.875425093988499881e-01 5.570471315605832752e-01 8.649443357346165984e-01 5.656604997048143568e-01 4.308130962126536234e-01 5.662748143083679020e-01 6.846898420594641488e-01 2.122278785733409771e-03 7.800125383008496005e-01 3.765075444850747854e-01 7.374136913118448655e-01 4.088818650286970557e-01
2.231001696235477838e-01 6.460323255941057274e-01 2.884871605608033129e-01 1.332057848607704487e-01 7.959539510319536548e-01 8.928457590775008557e-01 3.048291468890224620e-01 6.027715014454477771e-01 5.222337743406416655e-01 4.842691163024915868e-01 9.511623642456846772e-01 6.003531661090818483e-01 1.112601231583518896e-01 2.628546611407219236e-01 5.241303695403906060e-01 3.193578972312218628e-02 4.148763692138486836e-01 3.734803919914527204e-01 9.746877761902223991e-01
9.080349227709708648e-01 8.754269023799869931e-01 2.655358668718463266e-01 2.049596789605622749e-01 8.097762003425753585e-01 4.110801966782189343e-01 7.238998734615055275e-01 8.503971534124916687e-01 8.020765342521846142e-01 5.835040862820238816e-01 1.327545129003352420e-01 8.331706100053036801e-01 5.401978864232201971e-01 5.628845395889123804e-01 9.112208518296648352e-01 6.856691253083588844e-01 2.644822956367299249e-01 8.422494621795549863e-01 2.607627407260684205e-01
4.685730866136537109e-01 7.870033240676159725e-01 8.659911258110293275e-01 6.242474188838637722e-02 2.304548436447818316e-01 9.888063463300480471e-01 9.588014770283188881e-02 5.984495069473265705e-01 4.579318649263937613e-01 2.525058330321567901e-01 8.258687372911635016e-01 8.831066040214260449e-01 1.827841163115119516e-01 4.713840160292555592e-01 6.426544186574323358e-01 5.205028306539111194e-01 9.133413757629682550e-01 7.679170407273785970e-02 6.777092165659821532e-01
9.185391531624285122e-01 3.579071883769459061e-01 9.978644396326287469e-02 2.650066584283947702e-01 5.195892404805569909e-01 8.546391651157475566e-01 5.572786857451946796e-01 4.904918255758658474e-01 5.266956074092329354e-01 6.306740683168058359e-01 5.758126931282961936e-01 9.283147657868320302e-01 4.851116225416355655e-03 4.324425897700867050e-01 1.348834526752279994e-01 4.275032452066308553e-01 3.402466947109425432e-01 1.460996855950091045e-01 9.805838003733953201e-01
4.777665020402348528e-01 6.364483840447111573e-01 7.552014791689044826e-02 8.534210933714789782e-01 8.893609250971581393e-01 9.677990752559951781e-01 2.926667173863750082e-01 3.515284295954227978e-01 4.020528962245739080e-01 9.693146166475884451e-01 4.434368764342477148e-02 8.124829469285753669e-01 6.379045046138459574e-01 1.824062959794335581e-01 8.541775932833433060e-01 3.661542839773616054e-01 5.948214658515948994e-01 3.832250511021292882e-01 6.113684413639719484e-01
8.524991251214987242e-01 1.606732562576754231e-01 3.878498641627489696e-01 3.237027171633232170e-01 4.201490479427162465e-03 6.338670712222015391e-01 3.152376955928699875e-02 7.769525874307143809e-01 4.672588738009444964e-01 2.589585256910742483e-01 3.524244696358807549e-01 6.964936300310805573e-01 1.805486901654056731e-01 7.237504914146521973e-01 4.001703446923380869e-01 6.942763437828197715e-01 1.919143778661266952e-01 4.823392212730778783e-01 3.371043739905399406e-01
7.418934449324308122e-01 6.150066343423284954e-01 1.871976024249346893e-01 9.845976450501479071e-01 5.065409695264002643e-01 7.225885155966899065e-01 4.636122218500965952e-01 8.479266054700423938e-02 3.796287723631830979e-01 2.961947372546421819e-01 7.284811480581784848e-02 7.939697158076364225e-01 1.217952511061104609e-01 2.254443209270857451e-01 5.964305778677153613e-01 9.431650128051197735e-01 2.733761448886632972e-01 9.026975225042404016e-01 7.937827863776557580e-01
3.772728217608656287e-01 1.452470579635057324e-01 4.106252381355515041e-02 5.394836817873098767e-01 4.917814437759811530e-01 4.640024882463478911e-02 8.679053658199892274e-01 3.571069332661573614e-02 1.930259585733583028e-01 3.770557719809651820e-01 2.582513142475829082e-01 2.617813711103584851e-01 6.047707692263505630e-02 5.991887079848801090e-01 2.598498001568270710e-01 1.237066794424046823e-01 1.900409189324563930e-01 7.958363170488451654e-01 1.415857905994505617e-01
7.967401930894305595e-01 3.485971098460128870e-01 8.064364952536755560e-01 6.696923351186292450e-01 9.053275643788158966e-01 9.014182857400421245e-01 8.555477439135887874e-01 1.950400315739949098e-01 7.051627095786440202e-01 4.193039880281167475e-01 4.658736009962938796e-01 7.406705383965823675e-01 6.533184077466049899e-01 3.349405295284602624e-01 1.096623181231067279e-01 2.062262978923471712e-01 7.299943465745182269e-01 6.999895131306499430e-01 8.529994076291951277e-01
5.452757066499159810e-01 2.071908295802128985e-01 5.798164499878540878e-01 3.937052590917275996e-01 7.554570341564625924e-01 5.465897495809465267e-01 4.653810046051512495e-01 4.768647353599697047e-01 8.275386236117294736e-01 3.170366574598064702e-01 1.199535247499637636e-01 4.410763546695773973e-01 1.935247688758909013e-01 8.620327991540674972e-01 7.440620147413777863e-01 5.174636709176855254e-01 9.006179628911350488e-01 9.961858066239831500e-01 6.523760830121918541e-01
3.236688691907669418e-02 9.066704466467710999e-01 8.954359739371898774e-01 1.791745171422486904e-01 8.895900926704239930e-01 8.595867740567290083e-01 3.678829731945658099e-01 9.692320442552565529e-02 4.371091144174266696e-01 9.249174486701384756e-01 5.973119166590356022e-01 7.763548805308576606e-01 6.976074331106175697e-01 9.552973634859456276e-01 6.038771863797292028e-01 3.509965105959034215e-01 6.102495733621169371e-01 7.679389417445412480e-01 2.138710898686614625e-01
9.919606795816643396e-01 6.675175776573168129e-02 1.892937809147623301e-02 7.364547196096192794e-01 4.934043097994033622e-01 3.594762615632286079e-02 1.124903033392864043e-01 4.243146985913736624e-01 4.486214647791276211e-01 5.695098161733708197e-01 9.003588860233803226e-01 4.949682269137992696e-01 9.041278268102227733e-02 2.144732479132650249e-01 4.333672689406037892e-01 7.757462738363094523e-01 6.118129958813972591e-01 4.895329929894337018e-01 1.332778602955217162e-01
2.023531708747789565e-02 4.305852795162657953e-01 7.980334493155119002e-01 7.591456896744539495e-01 6.688428824613765200e-02 3.987297746168010359e-01 3.611790270777477940e-01 8.545139924703787360e-01 7.848740606550216325e-01 2.077083093902037936e-01 4.502248681457779456e-01 5.496440335956893630e-01 5.075480530881875119e-01 9.677396968641426289e-01 3.938164928143625398e-01 9.755295746421549508e-01 6.051365133798783935e-01 5.104788255189727231e-01 1.270299987454075741e-01
9.472612460725721162e-02 1.103895623556287592e-01 9.828568199563948726e-02 5.161237848642447751e-02 2.153506608654507104e-01 6.077843114309825490e-01 1.641825971215901958e-01 5.904197868896349233e-01 5.551101163577863984e-01 1.920855469053329712e-01 8.774254093018470924e-01 7.580057990404165391e-01 7.333373224243006083e-01 8.370808005381386030e-02 4.636737783398274249e-01 9.484234764957535924e-02 8.558276369090977997e-01 8.486814855266513469e-01 9.933996332798664675e-01
1.416417856624770377e-01 6.659383519601584922e-01 1.768858091742099570e-01 2.771213942864296786e-01 2.609083198878880405e-01 5.250041594658455546e-01 2.596523292618559409e-01 8.598705916726901988e-01 7.894638053666614974e-01 3.957090048085317724e-01 5.411674068973466589e-01 7.463630030509146307e-01 4.998259758593828206e-01 4.987458299889573898e-01 5.533172501884290329e-01 4.882787051188144239e-02 8.384968842281662615e-01 8.020861542893410467e-01 7.959671881463173948e-01
8.128100518820747800e-01 6.865234732997765876e-01 8.786244242412465377e-01 9.376883754434360840e-01 8.516757324740752422e-01 9.995723299620244973e-01 5.686742045397253920e-01 4.594144785308844070e-01 8.616413335231911663e-01 8.658999998561759393e-01 8.106975606596053541e-02 7.701097623597955577e-01 4.847022208276673405e-01 9.436795773263838560e-01 2.927945928106674353e-02 4.117540499503493656e-01 8.230159783670965012e-01 7.746352457817996529e-01 9.638991005298119807e-02
3.086584096745317307e-01 8.831595734230118788e-01 5.371804913583071439e-01 9.293164495792453073e-01 1.178576025294773844e-01 5.607571813278117157e-01 3.862372420408835549e-01 4.125772320718405495e-01 7.740632824818092228e-01 2.523157026907917322e-01 2.137445411192548939e-01 3.696436977888872821e-01 3.585590689342399440e-01 2.713936033174188522e-01 9.025132516828743290e-01 7.126636356610219214e-02 7.901266293624062964e-01 4.849413530466542555e-01 9.529403279721898601e-02
2.826133162091470918e-01 9.159096358670247850e-01 3.266413757442088728e-01 6.063106762243715142e-01 4.018157378591365875e-02 1.749309975983598386e-01 9.972889669807083468e-01 7.542549001157340394e-01 4.640062771123076302e-01 7.943353460508421060e-01 7.436230685773953519e-01 2.173925485174561245e-01 6.645722808329159736e-01 9.069318253268436880e-01 9.250267486495680203e-01 6.245221828888872784e-01 1.238967757110343570e-01 3.386059439036244734e-01 3.614240083308419837e-01
3.572823354627151504e-01 2.765920083959287901e-01 5.912741175056323018e-01 6.704708295622495706e-01 3.048178867130135195e-01 3.016821531993885835e-02 5.132402439693418694e-01 8.652636979970492782e-04 6.547709750725564382e-01 8.834770862998152507e-01 6.271115276383801840e-01 8.859126307856531046e-02 4.654935430444092637e-01 7.137433472016901925e-01 8.649807238871537463e-01 4.354873229242006705e-01 7.836064550225820824e-01 2.480663283655491214e-01 8.349169127577154015e-01
6.016161505569114221e-01 4.973480772055574040e-01 9.338536143958781066e-01 3.820004773954593924e-01 8.696566446414096818e-01 1.713513277444639327e-01 3.683643051251729861e-01 4.690521299859616300e-01 8.282891041288296119e-01 7.637363283440359307e-01 2.607508974751290842e-01 7.329691996999949666e-01 4.440302868641752276e-01 9.695156365152071132e-01 1.689806826540100615e-01 3.075985149198160462e-01 7.569193319306903936e-03 7.328762772874869436e-01 4.498865089941196382e-01
9.773718641735886781e-01 1.985385862993924166e-01 9.203556825110322803e-01 2.675818571248288480e-01 9.579667764417310050e-01 5.082936976185525868e-01 1.454913192397355448e-01 5.549871946207002305e-01 3.086274849008429633e-01 9.032397270379391441e-02 6.573760547990945002e-02 3.471063496342691179e-01 6.131444194810543868e-02 5.631237266059568869e-02 6.226657115734665071e-01 4.110251260145635355e-01 6.479680886400452922e-01 4.316760266994155715e-01 8.435405508223664528e-01
1.301347462805553801e-01 7.456789615955607964e-01 6.906984291764441120e-02 4.597571174374848191e-01 8.546574720399163771e-01 7.597418774370829908e-01 5.398851565027162902e-01 3.044112228981587509e-01 5.703029770147557409e-01 1.298371477437954002e-01 1.253924401222366036e-01 9.412564471234105001e-01 8.652739764021454283e-01 8.664664029210088492e-01 5.293106224601409338e-01 1.142858418065698101e-02 3.889678828856694692e-01 6.283754904308772593e-01 9.723965562893132075e-01
3.956125744996089599e-01 5.719230753252556587e-01 4.775053595326988476e-01 7.367932667540205705e-01 2.275391996560866825e-01 4.918485486585092437e-01 2.741924365518766948e-01 5.274970045205822078e-02 1.189755155933845399e-01 4.673299149391422214e-01 7.755120610707247897e-01 7.674690039107466832e-01 7.083600011693884646e-01 8.305499947794072746e-01 4.628134988057838739e-01 7.468799938044016207e-01 5.192854763160721643e-02 7.161553380988275874e-01 7.802252246248220224e-01
