4.475692579109191160e-01 1.545471266881513761e-01 9.267672523635939186e-01 7.493545343490616295e-01 9.791802378385359995e-03 9.362039146361865738e-01 3.807760097428622426e-01 3.882244736005867614e-01 1.725183139082275829e-01 6.253597925440836924e-01 3.646911984017416342e-01 3.073589454461738701e-01 7.777971442107318722e-01 7.560290513140327517e-02
1.399937543313781174e-02 5.793129514104363720e-01 4.262979790579390915e-02 1.283266349763259873e-01 4.761278064337025051e-01 1.844490428804295423e-01 3.562667759103380627e-01 2.865656649971468073e-01 6.830114583197134381e-01 6.459119141176973902e-03 7.744793791827845331e-01 3.821742233779789055e-01 9.383835762540125858e-01 3.054121719507055244e-01
6.175451571405857765e-01 2.392609546316803448e-01 9.914362649539722183e-02 3.449061287540012427e-02 9.822205265343492142e-01 1.905494931755890575e-01 2.175343087218337135e-01 4.980073225645256785e-01 7.808150166538674330e-01 7.715617950974961170e-01 3.194182885738506839e-01 8.752722091936054882e-01 1.798527781273445703e-01 8.444431672994768823e-01
9.648907492794438490e-01 5.539171902949641124e-01 5.836752764481699662e-01 9.378357195654161149e-01 8.298580937304547156e-01 6.199960256125902625e-01 5.195089392570098608e-02 4.802005443730147927e-01 2.436414245850467286e-01 4.396057234039928430e-01 3.685645594079360321e-01 5.578660720603913908e-02 3.083011668087266011e-01 7.504853522348969852e-01
5.203950834495549849e-01 6.641703387574211526e-01 5.226377667493067314e-01 4.229558596141032578e-01 3.289566363336836052e-01 7.782966749921489402e-01 5.044938898985753539e-01 6.576180026583664517e-01 8.275807016175603659e-01 3.197500988714901959e-01 1.331680346105892643e-01 1.897974953133706177e-01 4.923035162008521648e-01 2.686844520479433895e-01
7.699987260980571957e-01 3.169865746540541096e-01 2.689082622821708513e-01 4.764741134454756888e-01 2.128435687230558204e-01 7.377159685501855080e-01 3.419139134425855930e-01 6.802727037576873359e-01 3.616943450657026937e-01 3.147729047261685897e-01 9.269487275174972396e-01 4.985369330122543796e-01 5.935839692724120820e-01 9.845011838168126195e-01
8.049008980578832295e-01 5.175139921281183275e-01 8.989535809348520035e-01 1.730645376255439405e-01 1.961753902468295618e-01 9.062387319711348033e-01 2.674346501889177108e-01 7.414764622332291610e-01 1.609608943631967437e-01 7.157832816619903449e-01 9.569658404104691707e-01 5.851943276194339072e-01 7.415661919049657547e-01 2.210677636805735147e-01
4.201874411597733006e-01 8.322231808107991569e-01 9.125606025893632234e-01 5.380485608671303419e-03 3.971397666543136085e-01 3.821825929501313501e-01 1.969229552269525507e-01 3.691979945697941301e-01 6.052494438894528983e-01 7.638823526793422358e-01 4.510489089282896380e-01 2.753874665369734215e-02 9.726537959359820018e-01 9.118587129420593351e-01
7.459650964176489651e-01 9.959349869676658029e-01 4.647661215269735177e-04 6.501666590772761101e-01 6.778992186178878221e-01 6.612255190787644787e-01 3.329293620318079516e-01 9.689428664395229873e-01 7.034232189734489493e-01 1.297985460725670226e-01 8.972427418972940272e-01 4.031471721228818694e-01 1.527237789211747521e-01 7.085641682425718457e-01
9.390347829437701854e-01 9.774441095660770795e-01 2.131213077167995740e-01 2.704333299835092186e-01 7.797884452839137781e-01 8.291192168373245908e-01 2.409526473011987246e-01 6.226455471070465597e-01 3.557181077109059508e-01 1.958994771972714377e-01 4.757391998869603955e-01 3.185587505218366311e-01 1.294515218288789238e-01 1.554533361236459521e-01
7.894954443351113182e-01 7.381842810984095005e-01 3.139987037253641478e-02 2.052353496970623636e-01 9.480851567170659466e-01 7.934306170393086166e-01 7.510735337862164407e-01 6.333840336700813367e-01 7.501485486595741436e-01 9.763855300672695803e-01 8.588254441770911546e-03 9.117835814563339802e-01 4.574678397944180186e-01 4.929411753077622138e-01
7.341445524024529101e-01 7.330701216055771074e-02 2.382519567856492271e-01 3.504199423067143604e-01 2.957025387755095047e-01 6.572623862772217773e-01 4.493606974778477370e-01 5.252851625850734063e-01 9.845422539972960019e-01 5.161141485077018753e-01 7.626990283381543945e-01 5.617524821261186130e-01 6.483940662295576418e-01 9.128350858618836661e-01
1.515638117585475786e-01 5.960704654037313199e-01 7.692441916542346325e-01 7.434577959508076317e-01 1.951614024087189314e-01 1.137618598416186150e-01 8.010282196788917064e-01 2.528682582834878012e-01 5.799815544111571741e-01 5.844578573029939328e-01 8.291065625975012621e-01 2.076195541614091478e-01 4.769004745855996430e-01 9.252910391092468156e-01
7.017445201844170199e-01 5.704357776996110685e-01 9.013123952613268930e-01 3.982099843270568984e-01 3.370930980759305751e-01 4.875545529090895003e-01 4.183613866242861246e-01 3.235974373169234752e-01 4.433759089842307377e-01 7.819036820717280012e-01 1.892283777418941326e-01 9.625841049818356643e-01 4.149651189342498658e-01 8.480543718638241524e-01
1.385364762954879869e-01 5.681713883291101830e-01 5.952903073694670866e-01 3.505512269016638482e-01 3.067292195727573390e-01 7.691068086689882843e-01 9.505563216154531148e-01 2.035105450785188175e-01 2.877923239609742612e-01 3.573067321892793857e-01 8.183382067302903407e-01 6.235829610259627787e-01 5.209442781048378990e-02 7.075833886275115781e-01
