5.011618296820077312e-01 6.233678499364578851e-01 5.679238206717583948e-01 3.618764670856662868e-01 1.467188489089187031e-01 3.496041671386493910e-01 8.456617139883465528e-01 2.749321536492034812e-01 7.189760223244073822e-01 8.015970460283482479e-01
6.521762066888787679e-01 9.132891614198139774e-01 6.648148349859950290e-01 1.893881168697420236e-01 4.759736699160294626e-01 6.885708046937170090e-01 7.939048118846797619e-01 2.414297787772367032e-01 7.461953799422419431e-01 5.496945161480664144e-01
2.434757864700985985e-01 9.310377563467999718e-01 5.153494769445874368e-01 7.425022998825546727e-01 6.122872671330421568e-01 7.225887672608016787e-01 5.975763787527152981e-01 4.237090237251453506e-01 3.192917459627536703e-01 8.729534698146567129e-01
9.668019573518820131e-01 1.026921105020210667e-01 2.459975973648437508e-01 4.486954470782852922e-02 2.386837810044824537e-01 5.645579368802485787e-01 7.518465948436726665e-01 4.054771985881935881e-01 9.918583020121299332e-02 8.064908915407731360e-01
9.986185727879055563e-01 2.267727914023204561e-01 5.444709020791448362e-01 5.727497812675577116e-01 2.548544928268747789e-01 5.018405612253091785e-01 6.160280596610017145e-01 8.058335947584270853e-01 1.133678350867779461e-01 9.583714999291185199e-01
6.336994182849735591e-01 5.359170148759139218e-01 2.310242737274247615e-01 7.589119716290030349e-01 5.122544644716283679e-01 1.249777234183810648e-01 3.943919641957605027e-01 5.305952879337457080e-03 7.631896885842130995e-01 2.250112514733682290e-01
7.042586131234479518e-01 7.500644566228563681e-01 1.094876899818942734e-01 5.905183977026440267e-01 8.502013972128684705e-01 3.751058826494255705e-01 2.041214744545916948e-01 2.670409618331834323e-01 4.484143217334544684e-01 2.169157692178054486e-02
8.735623129731697745e-01 8.467207943878030107e-01 8.797219464825632718e-02 4.376120135797788580e-01 5.581143671712281984e-01 9.558849666027680048e-02 2.942054437132701761e-01 1.342034640093488773e-01 4.332054558550716972e-01 9.717272013860058788e-01
4.123748810951950450e-01 7.225394327554043317e-01 4.672325048240441592e-01 7.221698756102058470e-01 1.208006591231050031e-01 7.530992295909646472e-01 6.052120755079440917e-01 9.375679223989565048e-02 1.020076948613961587e-01 8.018714971702713967e-01
4.820318701462220079e-01 1.336760848573315952e-01 3.284474224688529453e-01 1.363161759235263504e-01 8.501807238608976025e-01 6.425176055730961178e-01 7.517152289440035551e-01 8.798670312823689832e-01 9.221570950632560493e-01 2.913080307289973581e-01
6.776399616956252370e-01 3.476176662699770881e-01 5.802279217090016150e-01 2.020151559103664785e-01 6.466479445386283942e-01 1.425320450417341400e-01 1.666424985494969202e-01 4.392023380729633691e-02 2.957634485919661826e-01 5.952552041014543827e-01
1.033285161324836755e-02 7.723341125436244958e-01 2.988160668995862301e-01 1.184761585070036177e-01 7.579024733410189008e-01 9.449697586383448700e-01 3.976576198843696508e-01 8.606334241133674068e-01 8.459373666080060028e-01 5.913699328902407570e-01
3.910199739026984367e-01 4.131953537669375565e-01 2.226018142824855994e-01 5.557822882800912412e-01 1.554830597377834245e-01 5.891892566583309954e-01 9.164215348202127132e-01 6.493199411448540292e-01 3.554576829600838428e-01 9.406634160145451728e-01
9.879922149973120460e-01 1.932143223667195375e-01 8.958677520628216540e-01 6.442401862675468660e-01 9.440345332671808976e-01 7.580013361106534564e-01 2.651697493166393915e-01 9.657866196504741874e-01 3.546149573726926074e-01 8.407614574514611361e-01
3.352032028715828949e-01 6.864686305921032794e-01 6.229529382294344275e-01 3.399047376120883368e-01 2.447789582508756723e-01 5.037935729079264791e-01 5.047950807395394923e-01 4.490479915120754867e-02 1.207595974907289121e-01 1.084510023497901599e-01
9.601343019305785820e-01 1.016399948440128292e-01 7.894167544276461390e-01 7.749280865735381774e-01 9.349076342182481569e-02 2.126051641751638688e-01 1.478507115825602736e-01 3.603963632223689539e-01 3.271978729782149542e-01 7.962863225994071259e-02
7.699296790709846405e-01 3.356520354882440715e-01 6.904542182230874459e-02 8.325392432807172671e-01 9.363693298923003727e-01 7.057611960315144373e-01 8.014990294501966872e-01 5.567956726872841378e-02 5.250106310319820890e-01 8.162693037969170895e-01
3.856213347203471531e-02 5.282045391160161696e-01 1.472771541075176827e-01 8.826362450159246364e-01 7.315683634247152067e-01 7.449037189657416180e-02 9.776405419405849173e-01 4.231998632238760383e-01 7.388459440551443658e-01 9.879081247866018378e-01
7.660560754628791269e-01 2.887464008599106569e-01 7.171246190329307879e-01 1.779668483340342555e-01 4.213226307849771701e-01 5.155144709307718509e-01 2.745462570365750365e-02 8.213864931134810810e-02 1.606594877158347145e-01 6.178311011577415357e-01
