8.813106386870472875e-01 9.437725496237424627e-01 3.629034032162383738e-01 2.535159781748315133e-01 4.349705468794367036e-01 1.628266944900564894e-01 2.952937715502954585e-01 2.554109568135918759e-02 8.591886648536252169e-01 8.109651620702501562e-01 9.855757782653532528e-01 6.323488318288884580e-01 4.456531353747072988e-01 5.086910557401153055e-01 2.504837364192780136e-01 1.007396067157024649e-01
7.151998721093096867e-01 8.898360555985631581e-01 9.114927274126786161e-01 9.693865316547326527e-01 8.476277761181214565e-01 6.138691058867714601e-01 7.550494844663795391e-01 2.889522426381665454e-01 3.361524499153999423e-01 3.358495085951027637e-01 9.757366199882293589e-01 5.555673689855543662e-01 1.450725442156917122e-01 1.340102543032769544e-01 4.222733482296605612e-01 6.729602641244056827e-01
5.827290219487295531e-01 6.905162623199461169e-01 4.134754981255530648e-01 7.707120547294321611e-02 7.373292827560104512e-02 2.650419486008256387e-01 2.886749396096671694e-01 7.174367230709695065e-01 6.163945698278857632e-01 8.890451547657041154e-01 7.822609823358432912e-01 6.319239683699789945e-01 1.571317783923057432e-01 6.993507701042334102e-02 8.840482268304281632e-01 5.046715718232457348e-01
9.584144808114952729e-01 8.701343630951835495e-01 1.538131577040100506e-01 9.177025607693350961e-01 9.824670424475109853e-02 9.724967222969186365e-01 7.291573416642152528e-02 7.692760068711425037e-01 1.838658953882236768e-01 6.899226170415411197e-01 4.936535702630288069e-01 6.889243574957990557e-01 1.739975738288143114e-01 8.413244774695929351e-01 5.272696723769787486e-01 6.795756604908058662e-01
4.090767665234009698e-01 9.638769385601403394e-01 8.900435019033595685e-01 4.894242452680741540e-01 5.420894750965571385e-01 6.032131785740389995e-01 6.293591144758540201e-01 9.765448115401621498e-01 5.140107005981265909e-01 8.180135364593427161e-01 7.011944073665098420e-01 8.200919138944928743e-02 6.870839369684034192e-01 6.546250653516449969e-01 3.338911148678435081e-01 1.126359752506289474e-01
3.762602699869112000e-01 3.707731309034310030e-01 4.571271699439866110e-01 1.431788899331666309e-01 3.025212414554511176e-01 1.721182013560601520e-01 3.333716196948411925e-01 4.452440648215926222e-01 1.660242253374471511e-01 4.756254528163794681e-01 1.691557989414658181e-01 4.530258287248257743e-01 1.764878102933056248e-01 3.512116692171333154e-01 1.944574158148039134e-01 8.011065024683402536e-01
6.833438551507565739e-01 6.374005655913771440e-01 8.333501987557849766e-01 7.675572863705092397e-01 6.149159344375094705e-01 2.684151934507840176e-01 3.239132308929045800e-01 3.744018810481868353e-01 5.440775485377601361e-01 9.748755735446663628e-01 5.632005149890157991e-01 5.824231515321335317e-01 6.019354613023241152e-01 5.658493082214016701e-01 9.536750669735697405e-01 7.146322737178470996e-01
6.680684712702666950e-02 3.161317909469333332e-01 4.629131187226253052e-01 1.013241981166329575e-01 8.836252705490763582e-01 7.447921250025474338e-01 8.249314336180993412e-02 9.439999142388657560e-01 9.129153554222796396e-02 8.823693715614295829e-01 8.894976095298671170e-01 3.152471317831139208e-01 8.007553560230242784e-01 3.078786590286424207e-01 8.744631718652988717e-01 1.165146677445711848e-01
3.191528608597988814e-01 1.340346198466634275e-01 7.714702770889844130e-01 9.401465533861502744e-01 6.780382155719089088e-01 5.204403984767030228e-02 3.821753718153189094e-01 9.186630870776683055e-01 7.158250247599104998e-01 3.462717789241190891e-01 6.241840533546826331e-01 1.508311295663852247e-01 9.941370237475671834e-01 6.908597751281025934e-01 9.056725577210189559e-01 2.233640454870876590e-01
1.581999981786422760e-01 9.119662337307893329e-01 4.009486811550154739e-01 7.966239875703982065e-01 6.928709885265526003e-01 8.035168705432504943e-01 7.070837916398740042e-01 2.166971410127791972e-02 6.360614050182343826e-01 4.972895565294463971e-01 6.781932882435968146e-01 5.028952036750315990e-01 6.391864308568512287e-01 9.982698045374726048e-01 4.688157505442797079e-01 5.553724268053260582e-01
3.261564268312181492e-01 8.970884758840305118e-01 1.363852548442079978e-03 8.805698551547358477e-02 3.656539602995227956e-01 4.203490417746651858e-02 4.720847786924897704e-01 6.301247507326677155e-01 1.008642738626563534e-01 5.478406569703376805e-01 6.249858584791900817e-01 5.405612338830196872e-01 9.668907506984250055e-01 5.699791491527370635e-01 5.266641650696365362e-01 3.737974362506815140e-01
5.037009669376454335e-01 3.068122973038767132e-01 6.131129301423711153e-01 4.384683199095925632e-01 2.307878786059178455e-01 5.610314503806642650e-01 4.360227506455556234e-01 2.359224221976427005e-01 5.540352514072797163e-01 2.331909690496348775e-01 1.561175311187724679e-01 9.649176389501378237e-01 9.348201815539327608e-01 7.885264701370719997e-01 4.693559689379295241e-01 9.604379227961040710e-01
9.228361985698143588e-01 1.774897695429039635e-01 4.000573798914746071e-01 5.018830911995713073e-01 1.803861138189987723e-01 8.324623372251421793e-01 4.510207071712020177e-01 2.445708475841594787e-01 2.710549488092618420e-01 7.083860889687123574e-01 5.555837160709975464e-01 9.353089887795760227e-01 9.467930124721338769e-01 1.545728840957125705e-01 2.649849295622499490e-01 7.293056052199279327e-01
3.930104965142460216e-01 6.776169590892099359e-01 9.340846042280696038e-01 8.133508709118795199e-01 3.393891304728247071e-01 4.131407919728602440e-01 8.804895292202455370e-02 4.889731811018429575e-01 6.619819362007733909e-01 7.253704004936699645e-01 7.148579644444740255e-01 3.362566349100007956e-01 2.849601560344308115e-01 9.269732138462318805e-01 8.464559342240635109e-01 2.383716634528738609e-01
4.190595315360192696e-01 8.834474243130420179e-01 8.731881754485937286e-01 5.641085586141717512e-01 6.492877012299298062e-03 2.596745616761820807e-01 3.111635593642532172e-01 8.620284683453910413e-01 3.409536345571116955e-01 1.275797013217849774e-02 1.241277544274468347e-01 7.326792191526563247e-01 3.427813536334365363e-01 7.565610188218658827e-01 4.226463841526916232e-01 7.682541852185476028e-01
9.635562799123456035e-01 8.972657546963442865e-01 1.836137460956813738e-01 8.240471018659043523e-01 1.486090298392768738e-01 4.200232242608628042e-01 8.287599761810091614e-01 6.265769005983499174e-01 3.262741738143442038e-01 4.275806657084467721e-01 7.954210569232174066e-01 5.270654402403953664e-01 1.440572574702059239e-01 9.568153526651377305e-01 7.073155052070344562e-01 3.285796912865653896e-01
