8.990421505115709921e-01 6.041262457638426620e-01 6.777107991179436297e-01 3.411757088678892824e-01 8.358488866463978928e-01 6.491243222974041327e-01 2.833810434198604788e-01 3.136357967796825075e-01 6.262529585707271584e-01 7.327190377920534958e-01 1.649583651439666572e-03 5.492073958815441026e-01 1.982998472343828755e-01 5.340204736292172294e-01 3.543466144504049398e-01
3.588926319704712764e-01 7.264526635260434295e-01 9.390861406682422530e-01 3.504173983546670090e-01 9.318177672737076866e-01 6.564596864455443659e-02 3.160885981539788836e-01 3.747302033737793039e-03 7.933190643106399764e-02 4.413971171529618154e-01 9.235584114125782174e-01 7.290404822006221197e-01 8.973156949040417274e-01 3.755790786727892794e-01 6.899802578137729236e-01
8.084305726626428434e-01 5.273382776918785764e-01 2.785935246409874666e-01 2.143963950110426286e-01 7.889581908116951592e-01 4.986323088496483202e-01 2.939888748782231720e-01 4.372750443542413636e-03 9.442210141268401191e-01 2.252417064992195406e-01 2.410731242030018928e-01 8.198514919192450012e-01 1.730992843286600913e-01 4.635552726334107310e-01 2.136415233780193934e-01
2.782199188461571479e-02 6.331952999132134385e-01 4.161295292841359766e-02 8.413101679168211167e-01 4.788389884994330714e-01 3.506721905899882752e-01 3.071214347726148874e-01 9.942250622345418787e-01 2.974980418618820011e-01 2.773756274089640983e-01 6.631654221636221758e-01 4.358082196645722828e-01 1.830684913927595470e-01 7.795545059740836003e-01 6.777764242388880644e-01
4.657349792962538898e-02 8.959386709433929674e-01 4.160118064424730422e-01 3.579129070734162754e-01 3.057972858033712327e-01 4.941219955743458292e-01 1.290112403683663089e-01 5.366874552505904172e-02 3.216093088556979951e-01 4.107259973646509854e-01 1.841686394368916568e-01 1.110891308819003803e-01 9.091286056044566299e-01 6.311136405028024976e-01 7.975410668595588060e-02
6.938818280052893028e-01 4.567306804139200649e-01 2.815643821508581057e-01 6.641677071816810551e-01 3.645626795404169895e-01 8.334092546690288761e-02 4.689926060711087363e-02 8.636761221495631302e-01 6.646902090432597054e-01 4.863855620030683169e-01 6.073100882617116225e-01 5.795080594461419210e-01 6.976439192381688192e-01 4.403456977155318919e-01 2.565888104259137492e-01
7.154581559033491578e-01 8.496105969710087136e-01 4.977364452432299080e-01 3.218443199763251772e-01 6.902156060065790522e-01 5.759285015140458430e-01 1.469235734318201092e-01 3.130907318647847548e-01 2.661025382917301535e-02 1.473427871418881985e-01 1.233948679954056521e-01 7.500689265406883521e-01 6.586536301329801724e-01 2.709292016803450942e-02 2.141155849569450209e-01
1.702885215763023097e-01 2.369249146692380958e-01 9.884813841144658442e-01 2.846580334750652419e-01 9.835792000898357923e-01 4.957769919193092401e-01 1.978450341298767512e-01 9.392919039307699725e-02 3.942871090785295962e-01 8.012171267928452911e-01 6.864930066425171118e-01 1.852692125840685322e-01 4.656251615930958598e-01 3.248804242169747170e-01 3.594483130614714583e-01
2.919609538527456749e-01 7.114928211608126940e-01 5.370440092695172307e-01 7.846456683707755397e-01 4.337820492500673586e-01 2.930779625492379581e-01 2.245632477828419238e-01 8.665972936040974295e-01 3.391185633943137878e-01 2.015654921007740130e-01 8.994340674487241172e-01 6.337568856021130737e-01 6.190990741496358307e-01 4.952029694712354324e-01 9.322743665332894336e-01
1.817226006274793859e-01 6.721543224322459320e-01 5.187383739636292068e-01 3.650703519781670070e-01 4.638163215877110779e-01 1.084086131413267012e-01 4.404271640271798655e-02 1.309478803188934282e-01 1.134946440065889676e-02 2.476001538726619600e-01 5.977168402753223475e-01 7.216919292648305007e-01 3.822008545693938442e-01 3.653702871155178888e-01 9.599726236909843571e-03
7.165461407058623111e-01 3.278972804111575101e-01 9.420294775134152587e-01 9.564380662933499311e-01 7.886635130335608590e-01 5.557365765454717055e-01 6.053357732236201993e-01 2.521537530155695817e-01 4.068337812061494085e-02 4.836714874067554737e-01 6.533038133278560311e-01 3.225436603969317195e-01 6.391758883933870150e-01 9.592343949698748373e-01 9.767361536889465068e-01
1.187488263171503078e-01 4.309302021729375931e-01 5.615434111901652925e-02 4.444532448875211650e-02 3.661894382159318617e-01 2.798411511217692715e-01 1.650015534721772648e-01 4.290268699109097139e-01 1.495241482248638176e-01 4.403747141582940450e-01 7.370343161289932832e-01 8.704976424368501831e-02 3.107177202281091177e-01 1.978299932311199105e-02 3.434536548581584858e-02
3.433145058121608861e-01 2.801608047960271741e-01 6.521327941174340781e-01 5.300494231214099017e-01 8.928556810781229647e-01 2.255217953237390882e-01 2.346408578053487681e-01 9.926282910354383704e-01 3.117645059226240023e-01 4.291782127180842621e-01 1.525719274956439421e-02 7.180365666360373211e-01 5.837701326049227896e-02 4.212854201629739198e-02 2.618279151318028131e-01
8.031829524805766951e-01 5.679822069257418615e-01 6.528785187353660646e-01 6.117057159062017080e-02 3.828331582876507433e-01 9.094256295060337836e-01 4.346630531961479527e-01 6.396991983412849692e-01 6.384564304712604388e-01 2.927536658705414130e-01 6.415212460767200087e-01 9.294214423757320986e-01 1.591837526849721740e-01 9.610228759534527043e-01 2.251564029989181204e-01
8.136586041965842009e-01 5.997454961724999478e-01 7.658237617538571351e-01 9.812171168916054009e-01 9.870410398857895062e-01 8.625217878697388763e-01 4.593729600583570383e-01 1.264332703676392458e-02 3.143039533706716293e-01 3.706396100952479289e-01 9.931579224426863028e-01 8.052296604170828820e-01 2.318223740872984995e-01 9.920071289176758400e-01 7.361560667929989421e-02
6.927377544972062040e-01 7.009632609263714009e-01 9.069897234956947329e-01 6.979325466942760958e-02 5.293403138233843813e-02 7.954419041067017915e-01 4.894557701150553664e-01 8.004907457715119967e-02 4.386298677981554928e-01 6.872559604966032021e-01 3.195157655744132463e-01 2.356302988492144368e-01 7.870477242529646533e-01 3.733497881432269461e-01 1.286665508354449539e-01
