1.041621236383110549e+00 -7.161087288748516633e-01 -1.273521127986823265e+00 -9.808140407875800548e-01 -9.702148780833356190e-01 -6.330036336492015359e-01 -7.183183728927227119e-01 -3.623197353186173864e-01 -1.186264065884423458e+00
1.050915932492410887e+00 -1.161864467340946394e+00 -5.954770619517564256e-01 -3.386503968243712581e-01 -1.025497436481662694e+00 -4.717991857949458967e-01 -1.272368704230880443e+00 -1.068614697252407320e+00 -3.842209740265771778e-01
5.170212229246168995e-02 -3.441464171677234840e-01 -4.394670534117687821e-01 -2.455590228016974463e-01 -5.103221945674201177e-01 -1.107056474063314422e+00 -9.173702430296094557e-01 -3.491802603788060622e-01 -2.503269141444171564e-01
1.900552902534403676e-01 -9.609179564423612208e-01 -5.046904611087547066e-01 -8.809525142846101886e-01 -1.137005820427218650e+00 -8.341320900942645888e-01 -5.083557651665037147e-01 -1.056517502856218371e+00 -3.283294872536970943e-01
9.112351327287251945e-02 -6.264963698556214045e-01 -7.895409526462808802e-01 -9.294484380941828716e-01 -1.091053662690132819e+00 -1.123151131134155767e+00 -1.006003517613250242e+00 -8.616991306800289019e-01 -9.011260317178877433e-01
6.602384505752987298e-01 -8.441104370791907563e-01 -9.371682658872187988e-01 -1.128973419897892905e+00 -3.568041684708694872e-01 -8.090110814305749853e-01 -5.698585354663106006e-01 -9.466455912427141905e-01 -1.242127181399431901e+00
1.014362817972830899e-01 -7.365096389476787353e-01 -1.249231691684158596e+00 -9.564164817326991086e-01 -6.987722046080637739e-01 -9.731269589780489060e-01 -5.664110915626785481e-01 -6.914328322818549255e-01 -4.504322870614195229e-01
9.700174594912858161e-01 -1.389907156870764382e+00 -4.245201917403160774e-01 -6.535976038708852798e-01 -8.812397693294553580e-01 -1.123325828244020608e+00 -8.633141390141724214e-01 -1.178781774992196940e+00 -9.277201523080537138e-01
8.612060458459910861e-02 -5.566077315529230907e-01 -1.123572244560892219e+00 -5.476333749286110830e-01 -5.275933758816364616e-01 -1.071130081135143852e+00 -9.640758365493178328e-01 -7.785352983632675139e-01 -8.507842763510859996e-01
1.029418385209630804e+00 -6.212950294372082682e-01 -9.868222227407299485e-01 -1.210094379909684159e+00 -8.830844985610969422e-01 -1.067321793111839723e+00 -9.333309239982834349e-01 -7.798581279776671815e-01 -1.203277679030096969e+00
