1.155748030950694005e-01 6.820468379579467388e-01 9.483306013749245311e-01 7.372950235243125316e-02 2.504641198703109195e-01 3.647379267467298902e-02 1.710614690431103702e-01 4.111941254764036602e-01 2.400919260237015518e-01 9.565539309102394361e-01 4.788294522795838448e-01 6.740147454964102725e-01 2.262791121787625093e-01 7.891228519460490309e-01 1.530184728067167654e-01 3.081430354139204075e-01
7.243723268691730777e-01 3.007855970693740222e-02 1.553642271907579309e-01 4.322371906759704396e-01 2.108475848789591600e-01 3.747048988522053703e-01 8.743984406914628860e-01 4.236910163762696024e-01 6.740474509429066341e-01 6.335250970019545846e-01 5.572820470054863362e-01 1.375112177830034588e-01 8.600113979590265911e-01 4.261170699627108149e-01 9.993149781176293711e-01 8.252351324146454115e-01
2.735217012490119837e-01 5.439007924558068030e-01 9.551320697324323650e-01 4.763439057050001812e-01 1.778314436322091519e-01 7.375918773681904295e-01 3.713258269283521429e-01 1.009789091971435848e-01 8.782300309906069247e-01 4.795679126271635839e-01 8.257908946176087950e-01 2.676010514095331638e-01 5.458091375302698278e-02 1.287534450043408274e-01 2.240327021611587810e-01 4.086244824686424693e-01
2.568284175766782917e-01 2.345686514942760814e-01 8.325333205992624386e-02 7.843522207311504069e-01 8.726466420434080273e-01 2.182893136611044893e-01 6.393950537589604410e-01 5.838508760441053491e-01 9.146998445875879069e-01 4.402829770124483399e-02 5.213367385714766655e-01 9.598512206973960348e-01 6.549119035725187166e-01 3.932705913872398540e-01 2.981870905800361182e-01 4.665999445015045488e-02
5.060133872590699688e-01 8.800357298194685374e-01 3.658444798571163226e-01 4.745890341558256509e-02 8.836172241852904286e-01 7.949067463655716814e-01 1.905084458449610718e-01 7.253050565965727392e-01 7.909745373621854814e-01 1.638383555523381663e-01 7.798342833048034217e-01 4.850353955926663962e-01 6.608991978996743288e-01 9.446422451602175530e-01 3.302441306420021983e-01 9.894204476860215536e-01
3.423168201827642143e-01 1.025716060693340204e-01 5.128618665118935827e-01 3.718874075847712346e-01 3.466065814970872294e-01 9.676334474235315231e-01 3.888669653245135915e-02 3.787847641226990136e-01 6.474070859682353740e-01 6.422524750235980573e-02 6.096478334157002799e-01 7.153277149966006387e-01 8.446230181958453986e-01 6.032170427885612529e-01 3.306656577059943203e-01 3.144737354343265512e-01
6.488652043579523632e-01 1.338680174020659974e-01 1.863914040913392522e-01 2.509509978976488531e-01 2.575917240394608454e-01 2.580267689058008962e-01 8.434098919159659369e-01 6.939440519078819980e-01 4.366573401299724821e-01 3.204463774888288707e-02 1.928345204488970399e-01 6.346564431214620772e-01 5.620108810007387046e-01 3.991747634156954661e-01 9.592031889614843765e-01 3.751139614547183143e-02
9.339789322922448234e-01 3.301741173479155744e-01 1.515463755108049648e-01 7.880275173438828773e-01 2.915488286060174961e-02 7.244536950185354041e-01 9.221750036873411771e-01 3.089419632562231399e-01 3.652586679714758811e-01 9.448251700151408805e-01 2.259779155579082488e-01 2.932647711506322086e-01 1.882780320371096883e-01 5.773022578313944386e-01 1.596474535095826486e-02 1.980786123386484299e-01
1.832879135122927883e-01 4.133011129243668869e-01 3.722179916650369957e-02 6.284096656677964354e-01 2.382516877421375634e-01 5.486746295296883735e-01 3.305392330869252326e-01 8.670049540289500589e-01 2.409895865705949936e-01 4.514465701477020643e-01 1.604547487605119116e-01 4.721710287017283347e-01 8.691609206057284709e-01 1.125452968493306782e-01 3.284924723488731324e-01 9.349333375563141368e-01
3.602421152069333887e-01 6.238414821547930700e-01 8.815980687704232377e-01 7.389505254488214492e-01 2.955334300045722173e-01 2.674928917254768557e-01 8.841446922333948688e-01 4.989420098552443950e-02 2.996679225259846202e-02 4.934478518341409714e-01 6.892073724332231643e-01 3.138461408215166282e-01 2.349946740128421308e-01 6.097871541570960563e-01 5.822501168748132061e-01 1.193058967248715740e-01
1.684901379895317186e-01 7.892001309320906266e-02 2.312962435501031422e-02 6.688912179933870217e-01 5.814667529330619367e-01 7.392133764681541042e-01 6.008390760054710400e-01 2.592769770724612233e-02 4.026480848025366654e-01 8.842653878854676019e-01 5.047906664621152339e-01 9.280037478002095552e-01 9.589594631731075403e-01 6.075776069804379453e-01 7.005491250121548275e-01 1.478300993663482776e-01
9.192091921897068696e-01 3.827870708564289348e-01 7.303783979377375113e-01 4.616315289509803632e-01 8.794434040489618187e-01 1.307282645824513478e-01 6.743199802083439387e-01 1.490610639090319545e-01 2.674518717810182578e-01 2.858573184725796690e-01 1.739329404777907317e-01 1.142392745974951662e-01 1.273185839249301177e-01 4.368605802758220857e-01 1.954683875712094343e-01 7.977169887113177982e-02
7.765800899090068432e-01 5.656594203847330471e-01 1.653358553683603738e-02 6.852569034113216162e-01 5.958828553863682043e-01 4.560123325694254159e-02 4.193338846146844601e-01 5.300803190962952716e-01 1.952397399617090690e-01 8.187672134141223967e-01 1.251393775106086625e-01 8.806719866445034128e-02 5.729976738816319193e-01 7.016093409089154687e-01 5.872338740823661585e-01 9.178839181342113296e-01
6.929794125830062157e-01 9.849587815440619121e-01 7.302505575460795928e-01 8.872226136364957938e-01 1.625363949362644833e-01 2.794310426766308808e-01 3.411908528671686591e-01 4.921625626584672508e-01 8.701890915042768126e-01 5.331033465954551076e-01 9.570776924224950744e-01 1.360554820784025676e-01 9.720264614660545366e-02 8.108007907562092553e-01 7.394952494295640166e-01 2.643249339460682634e-01
4.327543357541820956e-01 3.947568772415358529e-01 6.767626930911097016e-01 1.006868954258508531e-01 4.325511155462814505e-01 6.114872957737290671e-01 8.839013026965311104e-01 8.167199196149351748e-01 3.685085165306610788e-01 9.690085393329316288e-01 9.331054461801309152e-01 5.187053573782635096e-01 1.234239230050960812e-01 9.458231130472477544e-01 3.002228342649578829e-01 7.283416110948063293e-01
9.328357632478101458e-02 4.926970180514803621e-01 5.435946941895457574e-01 3.670646626982974059e-01 7.610063441710652743e-01 7.984259895141669894e-01 9.051631962432113987e-01 7.227196698716988887e-01 9.535908770679043522e-01 5.222718758081779100e-03 9.593884004050423631e-01 9.004293059105272778e-02 9.395981831944242302e-01 6.851032400633392250e-01 7.472994365198087907e-01 8.098333391333818465e-01
